1000
621
473
367
940
52
648
605
462
767
61
361
274
571
493
950
253
878
340
496
375
743
718
683
231
608
973
349
874
960
465
656
581
938
24
522
990
24
479
804
791
541
166
417
464
659
719
69
889
411
566
264
506
284
299
737
893
272
86
119
232
551
775
166
841
151
688
183
175
519
988
318
60
506
87
525
165
806
594
54
218
160
671
76
445
322
814
690
947
900
161
531
804
288
697
645
792
737
181
319
257
521
990
317
27
77
194
192
884
789
598
454
301
621
530
98
296
696
140
243
597
301
774
753
942
824
750
734
561
931
53
818
452
43
488
479
473
682
23
709
823
974
163
125
947
45
223
243
94
716
838
691
17
965
796
959
789
546
45
350
478
451
521
282
846
361
114
319
43
489
28
219
463
543
696
763
941
271
358
35
987
197
78
5
162
874
316
951
772
714
653
602
165
526
885
363
887
351
683
283
840
63
502
656
959
198
771
252
821
129
287
809
326
717
166
840
943
834
143
715
548
797
318
65
323
203
429
563
906
464
846
746
879
348
754
838
898
525
442
719
655
729
880
333
798
46
526
741
881
669
457
781
466
775
847
142
330
628
705
236
444
903
334
323
251
441
514
501
318
956
572
973
38
453
659
836
851
185
578
732
854
387
866
673
162
713
167
844
693
224
80
137
127
766
812
730
207
678
583
526
635
155
851
25
960
862
861
812
399
791
544
606
178
762
631
340
475
798
184
520
374
616
9
501
735
822
583
294
500
166
820
487
673
24
512
634
238
726
446
638
517
342
244
696
105
875
388
932
25
925
453
399
541
814
252
628
636
835
923
489
1
95
328
674
119
841
660
358
567
106
348
436
449
592
132
906
467
521
838
844
798
643
243
339
458
495
968
446
682
243
935
35
338
616
61
458
457
722
168
376
828
868
812
629
460
297
887
279
170
726
123
968
721
366
659
179
213
979
626
895
222
913
282
561
529
343
371
338
65
891
66
246
759
879
227
219
176
115
850
698
193
973
666
914
691
325
446
256
657
424
503
879
689
785
440
219
128
163
909
546
54
976
144
813
855
371
32
383
838
882
433
31
207
99
298
250
776
744
506
433
520
9
665
209
146
105
780
275
269
690
173
323
666
317
489
873
688
521
608
879
756
41
262
315
492
560
566
268
656
72
54
176
434
719
738
580
176
518
207
797
208
380
473
226
697
962
451
738
835
59
617
591
452
879
907
944
792
825
565
800
897
971
329
683
690
67
264
218
585
471
16
146
204
841
724
901
803
176
991
638
587
960
582
40
192
841
984
336
666
901
136
915
872
465
599
914
532
215
133
470
686
501
968
242
342
692
496
145
220
487
135
808
800
69
848
992
910
184
328
928
86
816
844
310
282
795
225
166
10
358
988
48
859
956
291
553
1
787
698
221
626
185
29
426
607
229
770
517
414
450
798
500
267
994
810
901
789
387
419
151
745
408
199
956
716
842
509
69
981
559
291
960
97
672
738
704
902
509
573
316
311
371
168
930
365
330
831
506
718
251
9
815
11
209
772
79
403
633
149
737
193
792
697
290
464
435
346
718
944
919
386
608
643
906
538
8
589
370
867
659
973
876
474
336
437
598
415
193
584
564
930
129
356
627
771
173
62
117
243
359
36
630
967
679
888
857
40
477
579
259
136
552
487
963
888
277
913
304
470
497
220
400
978
929
379
749
102
441
866
345
152
255
327
471
934
568
329
326
45
908
585
534
813
425
849
53
702
114
709
172
964
930
924
942
859
303
692
313
96
558
10
249
813
690
72
100
258
401
778
655
662
716
541
475
141
742
528
843
857
238
367
821
520
291
115
379
946
807
692
42
718
702
643
883
744
716
335
2
469
114
658
131
830
551
606
323
294
487
518
151
725
885
324
245
528
439
976
474
247
20
868
317
74
512
200
819
580
536
821
401
2
831
533
832
383
491
507
677
978
25
180
55
910
856
652
438
295
628
264
894
0
132
211
75
996
764
894
576
300
67
978
654
899
863
486
634
706
345
663
685
370
195
92
632
51
97
70
346
725
686
593
78
818
804
153
815
920
47
743
572
466
73
226
365
936
64
351
643
409
14
680
779
209
124
411
612
221
833
959
299
519
552
377
690
708
530
505
629
929
248
201
395
674
780
113
610
844
464
605
254
831
637
385
392
762
149
5
983
982
316
282
854
220
659
544
928
541
401
909
470
1
463
866
675
243
331
638
87
147
243
693
330
233
79
75
995
228
432
330
562
748
613
768
968
624
312
248
166
713
158
988
