10000
516
63
296
922
741
670
448
192
669
127
548
184
282
136
302
101
562
208
325
977
77
507
515
925
547
945
840
858
510
475
47
26
538
343
948
631
365
396
824
35
875
724
219
157
212
522
259
127
82
936
104
159
443
619
436
342
917
629
200
427
104
600
805
994
943
754
625
661
502
801
696
378
878
915
535
90
789
146
217
223
82
673
382
525
293
819
867
562
448
420
989
904
372
794
898
667
900
875
328
755
677
24
133
907
292
20
997
433
519
567
657
601
240
391
479
885
562
698
447
362
470
788
266
842
583
516
510
835
392
190
590
421
215
75
328
859
448
677
644
967
244
301
568
485
45
399
370
959
98
170
322
920
958
940
763
893
457
625
729
201
815
671
974
382
99
302
241
547
331
886
514
576
539
434
413
936
186
135
896
636
305
218
556
616
510
671
509
967
296
590
520
112
614
494
846
713
148
88
260
480
326
126
408
217
912
821
154
450
308
50
86
966
620
643
582
482
314
443
802
963
34
322
427
648
817
273
361
317
713
973
797
39
451
205
609
715
378
763
166
39
165
252
357
137
247
939
619
914
382
421
877
768
744
304
416
913
929
129
230
643
454
380
34
257
585
643
973
316
406
491
707
571
95
64
708
695
3
680
609
737
101
838
858
845
494
274
110
423
756
341
66
210
721
101
468
658
744
793
326
503
636
33
426
731
97
487
426
452
167
387
542
268
225
400
466
719
26
576
143
782
269
561
345
990
662
165
1
759
310
327
614
946
713
40
677
162
527
456
967
46
843
509
315
69
261
781
788
639
709
283
774
979
845
119
321
859
636
322
970
946
2
584
892
715
977
921
229
504
377
196
551
221
57
218
642
670
351
782
310
60
66
84
391
263
555
713
474
191
387
445
489
389
29
733
456
6
654
686
863
32
882
766
605
292
336
247
962
687
381
624
99
447
708
843
62
615
556
537
158
943
982
647
685
363
380
141
722
387
179
585
771
414
703
376
706
39
975
20
78
708
645
529
156
353
372
218
321
280
107
479
224
89
479
261
805
211
754
527
598
934
464
369
348
519
97
406
558
424
426
988
133
71
869
641
777
242
211
98
522
319
577
98
760
56
359
565
620
114
444
218
400
908
940
748
427
37
154
337
814
580
677
947
4
547
940
781
789
151
879
663
822
808
114
583
217
473
500
837
939
945
55
339
853
995
439
633
385
945
322
199
878
0
498
882
547
438
663
688
589
542
703
764
350
817
347
567
643
847
404
934
144
812
274
350
807
65
983
544
11
305
743
889
657
241
123
556
31
786
596
973
680
300
737
382
469
84
302
112
283
58
47
780
870
673
130
30
90
113
574
101
770
670
342
428
263
465
336
295
603
933
268
635
585
5
18
54
441
672
519
76
730
918
856
953
591
986
335
33
451
261
487
222
283
829
2
547
647
338
842
602
271
110
238
856
467
608
263
260
280
782
336
362
700
193
667
643
531
2
676
983
616
163
557
899
345
559
446
992
897
640
946
521
750
184
729
569
792
992
829
424
774
166
787
826
711
806
469
594
161
146
929
777
661
486
28
6
45
827
350
295
467
297
168
570
481
897
139
626
242
969
402
368
487
541
195
550
348
664
144
509
162
74
638
824
560
666
830
958
493
181
605
961
830
773
531
311
22
22
289
616
991
44
985
830
585
180
380
933
196
877
794
359
303
432
535
215
451
365
173
296
898
130
609
728
255
492
392
630
515
33
246
858
77
231
689
663
763
421
948
960
298
95
671
601
527
206
817
330
923
342
627
174
473
236
254
80
729
998
710
596
384
957
454
461
540
143
476
656
565
777
968
215
872
639
817
751
197
986
82
472
328
61
646
153
297
253
234
378
251
944
974
635
253
781
449
794
924
277
802
841
54
770
409
926
761
226
678
310
564
112
782
892
173
781
398
822
386
632
201
989
928
527
625
182
660
426
328
937
703
130
778
110
252
187
36
13
765
66
675
329
178
457
574
351
590
324
526
976
956
727
966
884
606
943
418
267
721
98
204
424
228
334
534
832
874
923
197
991
341
872
673
520
682
599
223
272
923
749
601
231
828
919
467
787
214
886
406
935
984
962
359
565
296
246
397
522
521
947
866
862
819
539
734
501
138
958
126
61
59
727
292
240
998
759
27
212
997
785
147
334
747
858
899
395
456
648
918
977
595
784
192
767
675
926
268
813
236
394
226
296
473
870
888
471
981
915
35
331
700
182
665
799
393
916
194
849
564
464
179
512
248
371
279
275
297
899
440
534
294
666
182
119
888
70
943
222
337
978
553
37
513
218
836
906
134
382
107
50
847
286
562
447
657
193
723
955
93
163
841
739
182
23
858
422
445
153
644
782
484
549
819
997
767
7
255
253
389
362
656
588
649
570
36
658
764
759
965
209
274
806
948
808
181
158
231
626
312
875
408
148
777
579
145
544
938
752
150
680
114
806
268
115
376
304
774
492
415
739
701
42
546
1
850
79
160
81
706
824
309
466
972
86
46
469
982
984
221
132
664
687
290
285
803
19
589
577
863
357
668
565
399
566
918
249
646
78
331
352
254
992
170
578
78
216
47
412
553
620
897
217
308
187
502
111
558
444
40
422
801
708
339
552
275
257
801
273
688
484
977
294
476
147
873
906
364
272
671
917
893
568
486
201
107
341
664
666
137
56
440
938
764
779
842
391
388
643
664
428
128
641
723
956
789
596
215
505
868
886
422
113
806
260
666
913
601
682
931
738
738
371
28
503
502
870
246
243
514
911
671
994
904
394
302
693
342
869
198
563
755
972
676
561
233
343
827
834
25
758
925
116
482
953
619
984
176
217
579
42
128
251
388
33
997
690
78
340
912
629
903
19
601
931
581
186
626
760
21
652
518
298
768
352
603
739
337
779
956
916
821
437
519
561
822
517
252
252
209
516
881
112
535
483
395
468
669
22
228
42
26
99
692
794
451
296
885
140
427
193
409
601
982
928
162
804
797
766
57
6
282
290
470
818
125
866
286
147
888
867
189
914
966
234
60
417
530
297
910
309
490
319
910
825
247
73
981
397
839
390
403
474
681
226
292
806
92
930
953
980
797
495
246
763
729
306
533
611
603
443
272
445
114
183
270
713
608
604
110
447
994
866
921
675
92
565
482
184
496
787
516
645
282
762
761
363
420
294
326
375
89
599
172
555
782
795
268
390
399
379
189
393
245
463
69
689
380
903
873
876
690
741
522
325
855
283
40
275
929
367
2
370
966
174
925
100
969
193
842
368
924
383
762
521
846
183
210
227
86
435
455
128
176
329
805
31
964
846
658
245
213
12
967
531
187
892
983
508
438
825
877
714
560
991
236
407
174
446
986
612
234
793
92
410
123
898
794
439
744
804
685
309
817
652
840
356
897
175
864
687
352
93
401
912
84
637
319
610
436
657
574
670
451
667
432
926
565
578
717
661
735
754
970
904
759
162
260
656
337
476
343
689
570
96
601
654
734
273
617
522
282
191
544
85
858
328
11
775
259
729
436
994
835
758
250
594
920
510
250
609
986
945
650
908
394
604
563
480
877
532
2
511
723
898
597
934
226
608
709
485
689
498
831
525
256
81
471
529
943
74
490
282
19
141
190
765
745
105
245
974
637
247
485
713
145
82
647
724
43
708
209
84
206
41
961
815
474
433
344
418
507
834
700
878
327
890
644
424
348
241
398
985
489
236
698
986
670
697
62
65
406
272
150
964
665
463
779
139
896
123
557
755
310
609
986
637
852
630
62
200
871
812
185
712
400
236
51
71
933
113
488
691
737
638
656
754
454
435
894
702
911
803
458
573
413
444
562
265
426
976
817
649
141
2
714
541
590
117
964
876
582
453
567
320
443
575
74
897
363
320
600
626
476
410
199
241
206
113
858
984
90
675
633
231
677
699
124
620
816
89
496
751
542
415
71
985
991
497
883
706
170
835
332
646
245
883
887
803
348
745
787
790
420
772
21
449
472
498
69
640
587
917
391
129
333
814
114
676
664
349
382
834
184
66
480
781
301
719
584
1
464
723
792
236
496
165
685
320
663
107
312
250
24
56
731
357
222
846
385
886
547
119
720
84
537
552
865
190
271
802
192
735
877
984
971
725
501
9
45
165
116
710
767
140
118
499
850
340
697
235
227
244
355
299
328
892
852
546
83
475
700
627
211
577
611
534
655
464
895
700
629
11
762
749
504
880
248
354
573
297
941
152
541
648
451
222
541
655
120
976
131
820
603
694
749
566
580
404
30
476
457
12
839
571
761
695
452
361
401
377
658
343
529
551
991
332
773
884
340
893
860
823
65
463
517
167
381
449
923
412
277
380
424
469
952
537
164
756
898
566
485
908
261
14
459
604
698
585
489
38
478
701
861
896
517
730
63
898
180
986
662
809
719
86
278
23
975
443
131
225
361
616
133
974
982
593
578
680
530
419
719
8
473
932
256
990
663
671
240
195
658
903
4
729
989
635
752
317
430
883
542
791
851
676
117
833
621
695
513
151
467
584
511
940
517
768
930
532
791
522
727
449
425
83
530
767
718
634
84
148
869
626
291
720
654
408
553
627
104
419
130
923
3
642
863
872
762
145
404
553
667
131
355
93
215
237
860
285
872
296
434
741
274
77
814
929
486
367
908
942
138
39
865
142
33
80
14
795
225
419
700
244
902
407
337
469
645
549
755
869
197
541
610
472
618
424
753
104
144
661
46
634
700
263
776
733
343
143
880
920
914
581
165
168
340
502
638
337
404
393
206
601
286
169
73
904
945
826
361
441
840
407
76
540
23
204
274
366
699
506
287
613
439
452
782
780
306
772
469
62
517
676
16
803
197
89
59
142
268
420
584
460
180
12
0
203
216
626
569
916
133
208
881
572
12
15
704
671
787
174
733
304
202
749
459
399
191
519
541
811
939
477
271
119
489
623
322
58
250
244
974
735
804
855
659
817
871
364
840
658
890
573
315
92
675
774
843
866
645
736
29
585
214
300
56
55
923
379
113
525
975
87
260
779
295
920
948
166
636
140
176
526
714
843
970
741
970
813
959
615
901
988
552
115
640
609
523
563
340
988
441
315
76
701
446
723
973
747
241
609
887
417
487
953
613
809
694
583
974
653
550
876
641
103
343
633
64
218
197
404
207
990
71
635
691
869
358
17
616
599
978
856
368
818
809
981
627
856
916
954
509
467
830
503
922
525
136
986
744
685
390
951
27
813
586
71
682
296
88
299
895
66
507
263
884
316
597
864
524
513
818
386
980
0
889
902
525
377
240
621
415
630
572
442
795
510
865
478
806
953
129
53
20
636
669
256
952
266
120
829
131
290
215
112
290
456
366
816
833
607
437
600
589
362
395
385
224
260
215
383
566
344
436
938
980
105
194
284
723
667
113
855
957
328
319
248
784
685
416
970
644
205
922
586
919
669
323
144
282
538
527
848
234
963
786
214
421
980
850
144
999
964
351
957
644
670
557
781
708
973
751
352
178
25
290
98
695
613
594
977
503
121
825
737
436
963
303
209
295
154
706
295
118
57
604
114
728
161
895
436
134
998
140
664
24
431
114
719
396
60
48
900
181
225
989
970
188
293
531
483
447
237
778
917
295
382
31
375
895
279
811
381
277
303
46
301
734
512
372
483
573
772
383
106
997
372
428
185
17
960
21
464
197
151
733
844
886
117
219
781
396
382
163
25
686
561
679
420
73
403
903
998
176
638
457
525
363
885
711
380
197
84
197
747
235
930
591
121
399
811
255
795
193
418
173
879
979
852
652
404
255
907
755
783
546
212
309
261
449
372
993
999
456
190
746
43
473
337
165
872
148
772
20
694
190
193
925
521
397
577
277
652
485
384
436
383
948
97
996
398
469
989
749
925
180
495
968
5
832
485
229
333
609
249
379
799
794
304
672
191
882
302
196
719
686
984
454
635
81
450
385
550
439
134
827
971
629
147
328
813
985
558
498
594
807
877
746
954
182
418
145
416
720
341
135
759
677
941
394
758
391
779
660
182
913
487
506
894
987
834
59
972
392
558
566
552
435
312
506
969
83
651
385
803
345
872
562
22
813
308
133
556
87
793
739
352
633
597
246
620
431
306
944
176
216
510
728
3
823
234
973
906
237
710
61
934
935
976
309
100
284
794
657
724
939
748
428
572
345
27
544
776
685
488
952
901
351
32
904
174
618
229
432
208
292
845
142
227
821
803
327
458
597
984
534
537
732
962
461
429
989
358
206
674
846
510
927
197
543
832
723
513
413
507
721
705
353
216
932
526
19
612
336
969
596
222
506
681
185
319
110
526
677
668
553
524
531
480
73
426
664
149
939
430
8
13
135
713
229
420
240
600
32
928
569
980
151
427
13
688
747
476
566
776
496
119
652
27
952
726
805
968
227
745
398
235
110
886
949
339
306
541
291
690
821
213
22
972
640
388
12
739
864
579
516
712
50
168
740
2
246
897
971
825
642
721
61
752
607
362
443
265
255
735
307
76
948
330
401
940
718
413
32
934
344
548
646
395
68
738
749
667
636
72
492
630
794
905
735
753
267
178
19
874
265
326
951
565
8
704
506
726
117
890
660
814
438
659
209
858
397
310
525
385
383
18
16
529
275
751
282
543
281
301
769
547
980
720
464
988
776
322
67
246
212
79
60
650
738
621
861
488
931
386
873
314
756
889
843
32
992
478
927
274
131
696
173
111
769
637
452
545
960
519
791
524
598
203
175
689
824
388
177
756
126
50
422
235
292
618
267
284
96
546
910
227
594
435
691
363
425
495
261
737
14
404
261
964
608
788
5
432
176
182
540
655
585
315
890
877
285
157
513
381
55
776
960
649
563
3
365
988
498
978
725
864
382
339
181
342
127
186
127
656
369
19
311
306
334
201
183
619
710
48
352
765
176
665
766
740
668
483
728
519
461
806
383
196
145
916
890
624
103
17
632
824
37
943
130
723
496
665
695
206
713
399
323
890
64
442
982
85
925
710
604
739
868
339
287
365
256
177
990
359
547
622
183
936
918
665
659
414
330
706
973
395
106
296
637
170
90
619
255
16
682
211
107
550
551
746
916
807
923
258
166
822
880
701
758
150
366
418
565
48
476
538
795
582
186
433
105
277
404
360
645
86
572
104
637
475
850
905
282
125
163
448
948
395
501
706
898
219
476
463
267
953
353
62
535
891
847
992
520
252
705
165
338
629
621
327
104
471
584
386
597
747
186
545
495
687
251
393
906
80
208
173
33
913
587
920
804
435
913
325
687
618
842
377
247
464
705
351
287
289
89
884
389
275
781
236
962
385
629
868
465
189
393
498
102
332
770
906
767
35
583
454
653
778
184
252
242
889
955
881
530
44
766
271
319
899
507
633
284
488
853
749
677
246
599
131
579
722
38
698
757
973
505
763
751
689
15
345
930
971
227
812
367
345
436
687
244
943
320
529
784
174
630
813
772
582
945
703
304
335
402
61
308
259
824
60
948
192
757
230
515
984
42
882
329
478
569
574
774
242
455
910
416
437
723
540
19
668
244
675
3
998
89
312
609
265
724
557
457
833
139
972
818
533
855
499
364
776
425
138
18
880
400
786
318
123
679
689
792
275
365
147
273
806
811
234
71
535
143
529
721
282
853
539
815
708
38
531
837
464
21
207
696
421
346
366
545
25
408
689
300
125
836
925
931
648
159
2
535
302
531
256
936
385
795
103
445
186
635
634
2
656
842
698
78
188
417
623
565
825
312
217
950
148
494
881
148
5
883
684
307
415
940
595
152
88
698
949
274
333
584
628
990
778
326
68
318
743
43
883
568
355
452
518
855
946
399
4
951
635
40
610
402
980
205
906
420
903
855
46
589
439
674
579
569
353
999
887
96
42
122
17
749
574
887
956
520
639
312
823
274
352
433
28
685
990
934
105
894
789
152
835
581
826
414
150
531
765
38
628
807
160
997
908
87
884
864
607
875
177
431
501
529
216
529
214
207
463
672
453
253
176
288
186
354
54
336
886
819
726
866
978
239
863
886
326
99
750
285
975
927
68
476
809
285
358
375
844
821
47
297
426
223
937
612
930
991
301
816
810
379
682
140
970
545
26
648
996
776
934
323
704
354
152
865
639
510
240
835
331
640
132
758
215
69
722
145
412
23
961
574
755
995
714
725
892
740
374
889
517
660
212
573
14
364
438
6
874
30
841
558
670
974
668
886
395
390
31
808
766
345
382
521
340
97
598
233
189
972
474
58
632
686
631
647
403
421
653
629
804
494
539
474
820
207
712
216
950
96
376
68
441
758
941
133
207
539
718
749
512
192
807
496
231
439
495
986
212
148
615
16
995
507
843
167
714
907
383
16
3
111
84
796
222
25
282
781
917
0
530
781
545
338
277
776
129
773
762
341
273
729
710
268
236
905
788
303
812
171
671
168
635
756
964
857
133
246
638
402
247
169
183
144
507
461
920
636
586
34
329
859
115
391
480
704
296
268
359
461
791
30
629
426
138
945
635
272
192
274
26
791
795
210
935
302
671
207
290
257
593
971
468
60
363
948
764
11
568
475
824
360
506
805
138
644
751
774
268
295
48
295
86
843
505
373
497
528
932
139
137
525
110
957
937
825
906
702
189
826
529
365
186
35
171
677
680
922
451
300
569
851
947
7
694
452
380
543
332
664
682
821
541
144
779
478
970
37
532
511
863
62
876
402
97
399
79
129
321
530
782
242
381
729
249
427
534
629
970
866
645
4
40
186
148
819
665
470
208
197
333
71
611
210
825
709
961
904
190
635
434
972
877
167
54
127
946
588
108
268
806
754
272
846
940
773
17
605
595
225
155
929
649
766
491
474
827
452
731
370
87
517
342
965
685
396
92
631
336
552
900
143
306
524
989
247
649
359
204
245
584
711
526
585
478
17
412
657
821
143
27
261
660
722
226
345
118
670
329
455
222
581
950
529
457
291
128
107
650
332
352
587
44
878
172
874
247
584
883
68
727
911
329
388
633
907
85
103
929
766
910
504
347
212
385
805
504
513
264
154
197
616
741
593
846
266
819
93
850
703
513
930
966
195
670
951
454
755
54
384
522
317
888
221
529
625
378
385
138
642
540
687
610
281
281
456
899
100
901
750
155
767
32
121
314
702
72
768
809
479
504
683
148
744
905
29
369
635
415
507
278
955
195
240
588
828
697
488
280
950
590
436
69
622
557
383
676
982
504
485
461
8
169
961
753
74
990
122
61
405
982
339
712
529
580
653
357
629
141
637
931
83
425
1
57
335
736
733
317
240
218
130
249
387
91
2
813
81
476
875
839
458
566
551
339
146
204
696
127
697
686
59
132
463
412
189
798
148
922
467
389
141
597
990
880
688
344
694
122
820
569
313
631
135
864
970
634
421
19
113
470
57
524
603
520
288
792
671
437
67
138
178
208
88
520
440
128
864
134
602
36
55
915
667
543
132
990
529
553
361
642
375
418
519
978
290
807
123
313
596
542
804
126
102
892
646
542
20
862
677
623
899
84
538
566
627
670
908
508
575
269
503
303
39
22
281
330
181
756
643
778
298
447
256
752
691
255
295
64
117
324
687
16
408
577
935
388
600
843
896
527
465
751
830
504
125
464
834
307
572
830
437
223
629
693
975
673
948
270
737
418
594
776
434
355
705
721
95
657
565
991
185
382
95
367
886
220
831
721
527
756
903
316
979
884
10
306
557
310
577
294
728
523
70
515
230
776
236
325
433
153
669
970
535
764
338
422
984
521
495
864
629
750
180
608
634
542
915
192
205
844
838
285
719
909
800
950
37
389
275
822
894
944
145
430
708
835
204
45
356
51
909
986
801
441
946
787
984
213
331
189
57
170
474
777
431
275
79
820
16
354
642
910
651
139
692
711
974
248
756
683
299
17
669
452
459
967
240
443
181
571
984
590
741
458
719
524
85
798
344
101
505
339
364
156
478
56
867
453
305
976
136
956
345
157
409
804
476
649
599
657
572
583
600
666
394
319
190
479
118
535
933
975
226
297
131
704
705
350
509
362
326
997
319
672
506
80
828
983
729
780
992
653
715
592
319
109
264
862
941
382
749
874
709
975
523
840
31
580
190
541
943
869
538
614
893
45
694
73
380
775
853
372
780
569
965
100
30
229
962
971
963
63
197
672
38
72
864
69
5
406
610
300
275
501
914
168
898
960
594
278
87
447
650
867
368
967
967
751
548
281
722
863
344
272
887
734
696
751
804
701
510
766
353
785
267
267
306
517
579
900
795
666
699
798
534
68
117
853
819
18
487
893
233
831
517
121
566
566
224
722
619
734
488
973
872
108
240
178
625
172
430
773
838
129
923
724
549
392
578
720
410
65
966
996
248
835
117
166
401
693
888
21
780
729
994
652
189
586
182
166
758
964
291
949
445
214
673
995
959
603
67
721
668
385
717
269
221
186
435
622
880
676
995
12
757
341
16
946
928
198
464
38
162
756
339
959
322
13
954
281
616
374
3
637
759
72
906
980
259
693
955
491
721
950
503
478
292
519
776
572
69
241
962
231
349
302
190
671
667
497
305
283
223
660
272
982
732
178
315
991
224
270
482
945
572
985
424
216
856
552
788
925
145
751
508
494
405
51
518
72
900
823
355
123
483
980
105
567
158
772
559
734
42
393
680
615
379
456
831
587
8
972
513
154
75
21
0
480
424
518
552
324
693
259
447
528
591
905
96
102
677
655
836
72
48
516
39
779
972
222
367
333
194
232
487
621
253
839
101
678
358
5
354
51
617
802
580
208
59
28
310
736
683
499
808
83
15
847
215
340
422
934
25
616
166
864
238
771
703
691
801
61
49
156
465
18
958
397
226
17
425
889
105
108
740
266
543
107
465
758
799
887
44
824
856
210
688
94
982
392
137
783
805
186
291
270
204
249
19
783
618
444
24
76
904
764
342
448
871
807
558
23
47
603
847
903
165
536
349
147
280
486
283
437
25
926
60
581
528
79
716
146
524
740
574
428
856
916
228
80
76
787
103
475
742
950
378
907
838
727
407
470
565
42
260
942
968
320
524
496
399
240
995
275
333
569
704
541
838
932
621
266
71
76
741
813
379
119
73
569
198
832
40
115
874
300
58
194
972
582
691
723
174
38
999
507
959
703
49
797
987
22
63
59
99
156
224
478
627
649
399
177
481
439
293
355
91
351
902
415
285
593
139
459
983
138
319
942
193
368
740
180
742
155
591
841
664
168
671
291
817
71
469
299
862
762
6
306
465
908
73
750
853
212
561
836
702
880
779
895
600
871
428
343
378
19
536
42
187
560
686
357
983
155
656
845
269
662
503
86
571
577
188
424
141
749
613
844
982
744
91
934
967
519
277
697
891
166
740
430
78
778
787
61
285
443
258
554
458
762
992
29
691
180
805
184
929
770
28
263
514
120
198
833
991
827
531
882
993
623
313
71
401
100
484
686
896
743
592
354
857
584
735
900
764
892
84
45
663
465
309
529
937
859
363
928
686
894
163
32
869
476
455
270
928
940
956
824
35
548
530
892
484
265
792
248
158
228
293
173
693
954
54
630
813
417
911
852
663
74
884
532
550
691
802
830
631
110
7
666
10
537
910
494
155
54
94
665
283
388
838
976
694
892
959
508
662
870
360
677
944
596
210
846
287
364
676
271
827
683
289
189
573
200
684
728
606
778
393
889
518
583
218
213
827
177
73
841
47
785
519
991
733
81
837
20
797
865
643
624
549
933
166
474
485
850
202
91
980
947
333
851
882
551
416
61
728
489
903
127
626
774
118
359
855
307
731
652
172
727
629
73
660
147
547
497
997
101
940
329
400
273
180
282
824
948
344
552
437
599
31
415
373
149
126
228
808
858
232
333
585
213
758
597
360
658
446
709
759
386
391
160
12
923
794
836
872
138
741
661
737
772
77
110
274
203
690
434
413
275
767
350
840
878
947
553
536
745
262
647
484
5
807
496
929
602
332
801
92
425
462
182
550
891
644
824
95
687
610
508
962
378
211
154
256
510
707
144
256
970
791
740
327
951
236
256
905
920
57
997
698
872
531
248
763
176
424
858
863
34
719
177
764
930
331
372
792
39
516
48
361
660
140
688
611
728
945
868
1
354
217
699
226
749
299
990
925
75
200
140
461
271
317
226
553
648
950
346
687
819
746
400
479
887
89
442
615
34
310
616
740
527
667
967
628
318
309
553
393
861
45
207
485
362
433
390
363
735
736
402
554
835
803
385
722
892
827
689
278
489
658
18
369
325
337
997
996
998
903
741
212
948
948
697
663
381
87
26
469
176
428
23
11
231
409
85
475
588
774
753
78
432
124
799
110
813
796
106
812
51
847
376
0
796
73
663
529
512
41
998
40
469
374
51
53
783
488
528
723
263
634
153
695
110
952
805
923
101
263
87
152
463
463
152
259
888
167
140
753
208
491
793
30
865
197
83
0
685
963
723
948
597
229
996
707
181
153
983
634
417
70
787
232
886
291
491
774
811
983
879
371
474
673
401
691
222
836
691
907
800
767
208
749
348
204
809
529
709
792
516
478
862
303
710
100
946
553
227
109
889
106
481
363
779
234
407
353
71
450
261
223
569
821
972
917
377
781
799
86
573
315
565
788
970
627
240
916
181
467
26
70
574
859
785
705
93
544
59
164
995
672
387
564
493
712
482
870
493
281
308
419
596
873
559
918
853
799
834
386
267
212
808
193
423
593
898
517
490
309
33
485
981
773
401
826
485
883
696
330
516
5
101
464
230
660
382
435
460
569
821
79
133
629
272
557
575
522
426
65
832
811
550
165
584
303
992
421
187
40
752
55
397
853
520
980
866
254
415
678
175
237
757
309
866
381
218
793
903
996
858
87
807
760
605
392
64
949
165
603
989
917
658
739
123
530
719
341
785
134
19
960
723
776
621
942
509
839
735
764
835
594
852
995
354
809
739
770
758
904
373
99
174
32
838
649
914
909
990
51
44
9
12
119
137
985
61
646
177
149
410
364
95
614
359
801
423
98
572
533
3
945
633
177
329
471
178
244
381
168
295
777
177
659
248
314
645
662
312
174
811
722
538
906
689
898
707
464
996
279
998
351
577
631
880
906
454
58
502
187
226
798
316
755
809
565
421
806
227
733
980
390
808
519
296
497
417
355
313
765
635
311
469
564
294
701
470
101
760
973
640
338
123
957
446
932
874
867
739
453
601
719
843
761
590
139
258
359
494
923
125
481
235
946
397
881
647
868
334
759
193
975
450
668
932
896
952
158
763
43
611
716
115
454
477
705
945
87
65
439
11
542
273
598
488
670
479
487
890
814
599
435
141
49
455
425
945
408
583
60
803
194
777
918
648
254
624
593
342
41
384
705
583
9
303
423
32
134
262
274
300
861
62
441
910
517
866
207
277
449
268
81
995
45
351
995
651
975
588
993
16
325
50
951
686
353
726
70
488
989
345
140
202
759
582
113
628
800
672
906
250
940
339
597
337
690
593
989
18
533
334
386
210
385
690
897
738
416
967
578
757
664
719
960
423
653
73
52
453
97
310
55
38
649
653
375
691
246
716
61
131
51
800
342
436
490
239
526
258
558
457
16
223
176
976
646
181
401
698
634
498
8
690
888
9
695
616
53
941
332
466
424
735
266
766
171
108
5
50
719
564
507
735
139
35
63
785
216
816
836
850
314
196
892
555
558
587
171
963
880
855
429
305
591
48
71
114
508
429
164
227
345
671
314
484
706
377
621
274
193
809
125
860
6
369
415
916
957
938
879
189
145
308
494
736
708
918
851
217
347
367
796
44
39
111
880
97
488
501
372
34
311
849
894
669
218
661
585
527
599
464
717
744
124
211
833
185
481
36
402
180
755
198
224
794
309
104
244
150
958
968
184
269
817
78
938
387
91
875
915
690
339
632
786
815
195
971
0
29
359
754
209
115
305
434
261
966
890
505
116
848
825
652
469
994
82
759
382
173
634
649
215
325
633
2
141
180
325
493
209
685
248
419
800
905
205
61
871
447
919
988
296
96
640
117
91
75
877
825
248
511
474
464
189
459
818
682
639
143
175
201
180
775
972
332
680
529
746
552
976
17
892
624
113
884
742
556
959
619
381
560
482
207
24
671
666
194
353
658
689
529
211
870
656
183
554
337
64
300
241
40
317
133
665
431
369
759
987
329
378
721
889
860
928
265
884
947
459
237
957
148
118
520
370
775
703
925
464
119
577
57
159
895
542
176
678
911
935
17
592
665
738
833
878
19
450
762
318
261
351
275
762
470
147
132
597
850
409
413
321
987
470
480
882
364
9
912
275
944
929
220
962
20
53
840
391
504
602
709
765
953
336
879
775
483
12
372
685
773
137
6
760
959
838
994
323
847
906
599
144
188
171
106
560
576
946
951
432
900
660
550
853
996
429
981
831
441
353
516
215
843
874
327
802
712
674
126
560
580
77
56
120
248
514
680
824
460
983
257
712
643
807
917
991
236
898
174
30
604
690
597
447
564
276
249
277
950
727
189
883
156
597
3
756
111
36
933
923
19
542
635
15
701
552
358
937
451
533
319
55
223
268
502
140
545
103
769
495
183
310
378
339
907
734
96
18
122
29
941
141
571
928
508
272
480
867
561
931
752
233
338
327
501
192
467
46
296
588
894
479
898
624
170
157
358
266
175
480
647
468
974
570
396
834
842
229
701
756
512
805
989
851
133
842
43
952
241
691
541
135
522
791
759
693
949
470
311
476
950
959
297
276
881
45
111
724
274
164
832
787
970
173
990
455
15
33
407
256
77
300
743
599
444
855
292
745
325
956
221
627
267
870
904
148
268
15
224
542
531
56
681
501
229
23
956
597
57
716
205
134
16
949
85
812
156
730
557
481
686
131
460
953
1
364
453
269
731
678
164
263
86
197
116
668
221
73
265
630
141
822
116
509
771
201
322
279
931
879
112
969
10
573
274
364
289
728
633
21
758
149
636
844
347
752
512
920
177
129
550
318
952
18
828
75
219
502
355
503
381
467
472
744
392
99
108
682
827
93
55
585
243
43
781
942
795
294
214
325
775
764
995
727
782
823
803
353
677
510
208
59
329
33
155
722
132
615
756
959
708
163
896
303
558
677
597
705
323
811
30
99
927
26
178
61
201
981
415
879
843
623
290
173
656
445
247
140
412
355
451
120
518
347
776
428
377
725
133
52
537
164
151
816
190
330
878
743
663
293
622
507
268
264
32
277
61
279
417
473
634
869
946
504
568
74
932
297
799
65
350
336
581
853
153
123
535
383
867
199
676
841
58
296
106
90
925
519
369
343
993
355
564
291
211
484
365
143
782
164
560
484
853
142
337
358
265
873
741
484
424
769
326
482
65
784
924
991
303
293
686
296
0
602
587
211
438
304
706
572
469
266
56
322
760
746
680
378
971
773
862
747
542
188
581
607
972
505
950
628
150
988
924
150
942
864
361
381
520
419
953
989
685
362
663
798
108
695
176
431
468
38
178
10
579
759
970
903
264
920
531
766
261
808
916
203
24
629
584
544
48
890
534
85
252
549
235
712
245
411
143
713
802
673
724
733
432
694
636
48
966
520
814
227
328
82
783
352
711
367
248
111
257
134
548
861
684
784
573
929
547
716
642
349
741
718
82
525
412
71
573
731
591
739
310
271
173
93
975
884
461
223
347
70
358
896
932
42
32
505
323
579
574
965
929
315
36
363
841
800
786
766
531
729
858
842
352
31
287
327
268
748
903
967
171
261
863
455
655
247
960
330
827
886
647
108
554
683
823
747
484
610
513
367
691
723
561
44
107
849
371
375
949
274
694
120
887
910
575
894
157
888
224
984
126
872
92
680
907
916
779
391
878
645
111
569
368
672
613
475
521
985
202
471
611
897
943
499
807
871
745
964
759
970
301
237
194
745
270
453
661
49
197
539
694
308
461
63
980
74
890
854
411
93
325
23
342
268
874
501
139
619
817
250
941
118
488
487
864
758
941
877
807
138
769
502
798
230
917
130
304
807
984
716
252
309
739
594
930
965
447
421
584
265
672
526
383
512
365
599
270
306
477
429
796
246
283
946
476
200
77
780
360
61
848
612
723
939
559
653
904
6
74
489
271
746
367
7
610
732
606
880
391
83
662
539
329
945
486
157
498
563
290
858
976
138
822
699
78
381
352
334
388
427
823
11
525
542
18
136
627
625
368
18
60
382
909
390
680
395
899
178
310
189
388
287
328
210
986
758
592
691
92
332
470
268
343
995
810
714
483
789
339
204
807
399
586
717
141
266
464
41
444
775
582
832
414
910
395
400
20
987
443
465
319
913
733
14
261
895
728
744
685
419
300
844
819
887
913
312
505
378
705
302
505
288
486
919
550
881
671
571
868
115
388
539
380
473
906
641
368
634
386
405
406
686
602
577
925
515
889
431
245
595
733
102
235
219
373
785
101
45
708
321
512
96
213
892
569
119
534
290
105
272
47
511
310
649
88
236
517
330
667
762
277
752
217
512
971
590
297
424
987
6
746
499
454
311
744
24
430
630
666
535
902
713
399
564
363
487
800
232
817
819
346
94
571
563
958
895
154
256
671
141
614
769
993
420
80
737
796
510
719
462
398
621
176
797
185
891
636
338
475
454
157
821
900
81
385
859
328
539
467
999
32
433
769
25
853
849
114
650
712
833
464
110
806
640
907
344
883
895
682
358
701
191
180
602
272
917
813
600
808
632
600
840
65
721
866
270
570
332
920
282
166
737
744
972
729
3
316
613
899
350
323
600
542
855
554
814
772
367
767
932
351
719
773
416
440
991
39
362
323
311
997
489
48
741
814
778
745
482
391
996
833
66
596
375
274
503
541
398
870
660
331
222
379
104
990
171
447
29
886
770
341
883
612
389
976
426
167
73
908
910
69
741
329
18
468
603
521
10
1
743
670
332
317
402
788
308
925
235
689
811
358
382
694
970
124
23
396
643
96
656
906
166
398
235
184
866
190
57
228
191
800
251
876
118
653
16
778
578
252
467
390
610
202
436
932
326
459
328
321
556
336
227
74
86
462
610
305
4
667
533
196
467
784
424
585
789
440
363
368
44
183
110
6
737
546
938
63
358
618
384
266
955
964
340
41
778
950
346
783
617
232
331
84
16
755
22
158
547
737
526
592
920
988
950
657
534
889
72
244
859
809
510
166
773
850
208
551
152
906
686
769
138
17
206
507
772
228
17
672
965
543
616
238
531
566
247
417
807
320
14
667
481
524
833
254
727
393
157
879
652
844
1
142
213
559
1
338
139
18
10
456
913
626
694
444
192
942
214
352
614
228
19
95
104
204
701
831
950
210
63
954
406
416
96
620
975
98
958
114
468
320
570
382
946
617
178
490
911
744
842
877
972
213
324
429
770
377
260
720
587
675
674
346
91
122
318
418
572
628
884
41
948
807
423
246
776
953
736
687
698
579
916
22
792
240
451
562
617
64
634
556
739
660
254
183
783
572
953
355
552
838
748
500
997
523
98
773
477
835
812
175
414
728
549
558
968
1
473
937
65
107
845
156
120
100
339
255
24
293
610
577
483
711
429
480
234
528
253
711
363
65
238
129
145
788
687
113
141
512
402
206
972
247
714
92
347
54
347
372
699
309
301
182
20
730
662
255
258
267
318
621
684
557
102
829
697
790
294
190
654
696
748
626
295
462
718
995
516
417
367
567
79
668
749
99
750
763
706
9
382
25
982
66
934
85
247
983
227
541
173
881
589
921
508
237
383
578
232
252
348
951
171
427
971
921
878
721
36
585
730
419
610
713
485
896
150
733
879
377
626
52
610
568
325
470
157
60
401
389
664
749
340
836
528
311
109
406
32
145
991
115
564
953
180
50
849
330
135
80
707
113
132
669
33
809
140
190
870
541
579
886
642
271
722
170
934
831
576
967
977
920
82
541
873
262
943
75
944
430
155
3
544
640
672
929
449
812
120
671
705
51
558
347
675
632
517
609
816
94
576
793
366
10
686
591
624
982
666
568
412
174
571
308
814
596
238
615
408
710
639
114
113
549
813
788
533
331
398
349
777
326
142
143
689
181
734
313
163
753
234
927
927
157
236
93
105
826
60
514
888
699
980
353
600
793
142
134
476
892
483
253
570
978
748
259
159
835
925
674
588
511
953
867
20
541
960
126
719
20
992
607
72
324
961
672
117
455
158
946
699
642
199
269
972
300
529
483
135
806
509
723
317
462
590
337
4
902
463
723
922
455
331
346
779
644
371
249
451
529
547
150
523
746
419
495
398
300
978
533
106
487
256
775
302
198
113
306
100
928
29
375
736
712
73
867
708
444
116
159
326
15
309
849
114
81
697
512
381
27
46
840
867
654
615
169
205
80
475
657
9
856
32
97
921
458
964
629
902
433
141
580
448
802
782
562
883
479
75
617
858
121
809
725
127
776
894
332
857
721
990
218
930
374
315
851
832
279
832
87
64
973
667
513
776
449
75
11
280
502
980
139
975
141
864
103
918
111
435
775
184
777
345
114
152
660
317
336
291
150
423
356
475
443
869
603
244
296
967
525
799
947
16
774
89
880
229
7
343
17
134
880
794
479
346
298
491
664
987
782
166
762
138
993
205
359
597
802
8
564
679
807
863
695
933
304
927
163
663
271
180
797
503
326
628
849
977
119
865
964
254
383
726
392
377
284
104
326
86
112
890
765
271
105
812
556
410
739
719
73
362
251
223
865
930
851
715
907
323
932
223
577
316
301
321
45
585
425
371
23
889
261
140
512
718
952
69
128
692
140
554
54
744
777
272
26
980
339
285
303
271
508
232
939
809
554
984
747
331
355
122
573
968
263
85
687
567
506
167
611
999
721
18
743
850
290
769
831
629
54
486
252
914
719
192
75
273
176
174
604
532
297
529
852
912
615
539
831
473
707
443
472
780
461
567
631
751
336
462
732
742
948
984
8
19
176
84
292
705
610
249
589
907
778
441
171
745
981
3
219
40
798
691
820
259
259
451
362
947
265
94
42
566
430
402
585
959
838
230
664
449
831
605
708
609
46
880
707
379
235
926
419
33
969
592
644
580
395
6
880
13
452
274
931
882
676
516
193
515
98
857
964
929
814
24
891
861
256
598
592
491
524
364
876
845
956
520
778
703
878
658
716
330
932
647
213
960
516
406
475
614
616
791
896
782
168
787
643
424
385
588
268
261
952
496
458
908
17
236
963
895
246
32
226
530
679
791
491
547
549
318
514
517
462
410
300
630
549
295
406
286
883
674
547
835
171
357
95
540
946
411
435
192
443
13
723
474
156
566
22
58
884
536
927
346
298
579
328
199
875
735
485
110
409
384
298
932
741
745
472
687
156
260
232
599
625
955
74
134
873
448
192
757
336
471
456
986
51
136
185
278
871
670
388
633
406
38
565
147
136
390
187
292
650
419
244
627
726
670
761
951
470
305
708
806
777
516
792
828
653
977
106
524
999
846
509
405
237
75
904
373
817
443
17
819
214
613
446
292
635
560
243
105
865
952
911
994
820
55
822
473
32
280
350
383
479
859
788
716
286
45
441
455
488
810
274
703
424
73
995
411
633
239
517
850
543
780
845
363
836
19
189
868
652
891
252
131
102
392
199
741
437
992
196
926
802
823
981
578
896
976
990
881
567
859
731
462
639
928
826
475
300
367
344
952
610
948
435
712
340
634
453
130
626
2
408
780
825
389
711
721
365
701
602
285
560
685
747
199
966
925
27
266
644
371
218
254
671
653
967
363
639
772
493
617
774
901
749
599
642
460
320
360
513
274
645
425
960
392
977
926
670
4
544
314
727
762
569
398
767
536
113
758
660
959
375
435
860
124
34
855
937
707
215
450
981
860
876
293
604
853
571
274
209
467
589
936
229
158
334
348
46
799
106
706
758
833
493
971
310
528
826
247
587
41
697
920
901
925
214
857
130
137
132
339
605
73
275
186
583
961
887
629
761
345
687
519
179
181
490
489
61
316
88
648
709
137
568
962
63
134
820
193
624
304
533
229
377
160
767
960
122
654
589
883
0
628
754
179
161
597
20
574
265
460
222
975
597
143
937
660
629
109
206
253
413
739
834
790
899
602
750
373
256
691
608
256
672
363
787
833
312
159
408
577
619
982
552
217
477
842
229
107
951
435
712
365
526
547
507
426
149
258
151
757
301
760
366
973
475
153
807
787
665
567
716
284
901
621
853
379
463
83
838
766
870
550
483
397
449
991
175
950
601
326
708
902
438
426
876
913
579
35
52
244
602
121
881
855
742
86
234
205
521
424
323
392
327
807
789
776
798
964
79
399
642
139
653
81
565
529
346
496
916
399
93
518
872
974
726
614
412
960
171
934
385
494
326
712
653
467
840
451
431
271
202
73
410
856
506
975
737
853
472
654
604
565
524
476
891
250
90
303
563
261
589
300
107
915
364
761
382
204
564
165
828
119
591
238
327
97
566
64
302
38
70
906
955
947
734
846
197
176
501
760
789
91
412
897
358
776
10
93
333
574
258
161
45
201
399
372
651
965
789
953
355
859
212
310
158
298
508
356
475
362
468
264
453
881
513
163
9
523
256
342
450
867
855
847
68
255
220
71
572
361
377
280
572
941
942
731
239
451
87
66
165
907
331
970
140
196
133
150
72
390
844
874
609
700
721
29
307
293
101
879
654
478
511
227
771
454
310
10
257
397
77
422
656
760
392
797
308
877
299
380
619
143
606
228
195
328
258
502
621
711
734
628
541
245
207
312
699
517
322
956
266
751
730
922
863
474
71
172
352
370
904
971
866
511
552
61
191
162
916
812
873
650
792
414
895
999
78
947
516
752
255
782
504
986
705
719
460
128
891
164
851
148
488
69
659
40
130
850
554
398
14
427
48
807
193
296
806
623
243
323
375
498
457
231
836
162
951
297
643
194
813
494
342
301
563
353
693
45
203
247
444
570
26
492
729
571
788
535
194
31
210
570
882
668
801
718
182
752
367
825
299
181
671
641
834
234
995
528
280
550
775
76
472
154
568
201
725
709
89
920
92
299
842
974
319
643
45
854
748
412
31
47
945
703
40
780
937
387
308
569
938
435
645
410
589
566
964
667
275
53
587
719
704
429
46
24
424
91
230
524
855
261
923
801
964
964
933
254
351
593
175
641
380
173
404
970
739
368
989
366
421
576
437
477
357
483
853
133
926
83
658
782
345
581
935
661
545
220
267
249
813
443
890
193
968
294
515
707
662
504
425
435
432
862
913
789
346
766
275
624
202
933
406
899
514
693
560
412
913
180
13
78
975
903
272
943
550
139
2
564
644
427
0
76
641
265
218
339
383
493
964
585
778
722
484
644
416
397
56
681
929
421
760
904
325
384
847
227
875
849
791
519
628
143
948
269
408
518
609
144
363
573
81
141
295
566
785
63
315
194
745
244
615
857
148
292
593
347
519
468
548
311
340
176
454
288
445
215
158
54
359
521
627
440
662
275
358
799
338
25
993
435
621
961
644
121
253
237
468
773
58
16
436
398
544
890
38
990
457
196
396
168
69
376
961
83
651
671
882
341
697
228
777
318
541
421
792
794
11
260
919
69
629
355
819
525
598
857
515
407
405
264
576
826
640
537
909
291
560
143
632
257
723
761
928
264
183
720
411
194
332
682
615
313
390
434
839
340
643
706
747
400
970
323
226
610
212
487
253
773
982
886
382
58
647
662
322
182
734
85
728
67
768
695
732
158
129
923
498
124
630
597
876
952
273
454
915
485
941
168
610
276
406
345
334
406
7
8
940
742
94
669
161
214
364
893
724
846
817
574
322
799
171
199
103
444
653
18
282
947
539
244
223
945
589
909
703
597
917
644
691
363
665
852
929
381
97
653
579
266
579
902
65
751
453
521
547
458
539
181
757
78
426
332
376
15
241
431
964
511
427
655
874
92
859
156
826
957
809
405
223
741
659
641
492
464
162
391
275
53
573
32
484
999
365
212
366
606
643
331
117
423
986
344
867
198
500
693
155
661
451
730
402
462
371
246
927
885
638
202
291
563
234
775
562
951
339
928
558
334
259
27
757
598
371
625
148
223
318
303
237
121
33
639
584
757
238
863
994
228
417
285
791
3
412
353
955
751
633
513
86
245
540
843
195
264
468
343
839
139
646
76
612
31
68
196
140
306
59
135
534
828
420
325
832
833
30
787
936
663
300
22
260
192
218
455
808
38
798
0
529
796
76
142
828
496
338
968
154
750
455
40
578
876
717
410
61
747
549
349
763
201
372
23
746
942
479
554
980
629
906
510
426
983
4
606
831
342
926
986
444
382
26
375
610
744
137
671
843
687
372
958
888
744
334
634
38
165
541
19
794
447
881
220
782
885
178
614
579
105
952
376
487
978
751
97
74
888
120
270
575
492
228
816
589
562
450
627
727
991
998
874
439
231
446
573
116
625
187
48
730
139
424
217
470
527
666
896
415
786
166
343
278
747
159
219
661
961
847
741
305
197
615
744
429
413
669
897
38
857
945
768
348
721
337
818
248
3
67
664
141
585
359
420
332
870
991
346
831
838
439
136
388
406
232
817
819
902
714
858
111
660
978
459
381
668
630
982
23
697
646
165
634
357
937
967
227
928
665
410
119
104
547
507
510
131
324
681
385
390
891
496
402
222
956
136
890
938
118
913
987
116
430
